classNode (5) 0000000000000000000000000000000000000000000000000000000000000018 len 5 value &{[2 0 49 55 8 181 106 169 120 45 166 68 134 229 11 120 142 48 4 32 226 32 162 81 49 24 30 97 149 27 5 4 90 62 221 183 148 63 150 34 209 122 117 103 239 81 85 226 117 224 56 12 115 133 150 217 9 115 242 149 57 193 193 71 246] [17027401040510075419 11220143250570854516 12596451302993345779 54047829651128679]} block 10916
classNode (5) 0000000000000000000000000000000000000000000000000000000000000018 len 5 value &{[2 1 215 151 21 99 96 13 133 25 63 172 151 175 150 234 235 37 163 165 54 81 250 60 197 73 216 149 43 191 175 47 12 3 2] [4485973936007649145 13567485632567821105 1641118229365901202 220881083664716798]} block 11001
classNode (5) 0000000000000000000000000000000000000000000000000000000000000018 len 5 value &{[2 4 12 249 168 64 254 105 161 55 10 189 130 59 69 44 176 189 64 123 144 207 85 145 62 40 91 43 182 219 149 112 108 3 2] [12599256652250773419 14618557179572661177 6393899244439125161 386661458091039600]} block 13457
classNode (5) 0000000000000000000000000000000000000000000000000000000000000018 len 5 value &{[2 5 126 121 188 186 109 134 47 168 249 20 183 186 41 233 46 250 186 69 142 79 67 221 110 41 28 237 119 163 183 96 43 1 1] [8361543395246600750 7280078862959441561 15630243499888594311 455359383046739570]} block 14415
classNode (5) 0000000000000000000000000000000000000000000000000000000000000018 len 5 value &{[2 0 238 154 254 235 131 23 244 0 138 95 240 99 144 225 109 166 19 70 104 42 237 182 137 241 25 252 207 174 106 0 132 1 1] [4072152118709905824 9886745334548110848 1080359009281814173 357868585984890494]} block 14429
classNode (5) 0000000000000000000000000000000000000000000000000000000000000018 len 5 value &{[1 3 158 207 2 3 178 188 61 7 70 84 220 85 224 35 175 34 100 124 39 117 133 22 168 49 30 57 76 68 199 0 93 0 238 154 254 235 131 23 244 0 138 95 240 99 144 225 109 166 19 70 104 42 237 182 137 241 25 252 207 174 106 0 132] [13410570836305803760 9005248844168643184 1573296884870856175 451259907609838719]} block 14907
classNode (5) 0000000000000000000000000000000000000000000000000000000000000018 len 5 value &{[1 3 158 207 2 3 178 188 61 7 70 84 220 85 224 35 175 34 100 124 39 117 133 22 168 49 30 57 76 68 199 0 93 1 9 129 124 209 168 36 48 14 209 119 134 76 125 191 155 115 186 160 19 230 47 16 3 91 77 190 33 226 233 78 121] [766519841550278903 11191304809680866655 14281410770512744065 325664380929414859]} block 15326
classNode (5) 0000000000000000000000000000000000000000000000000000000000000018 len 5 value &{[1 3 19 138 22 84 78 4 56 217 94 58 68 194 59 130 55 139 160 46 139 31 229 162 67 113 221 22 66 168 255 228 77 1 9 129 124 209 168 36 48 14 209 119 134 76 125 191 155 115 186 160 19 230 47 16 3 91 77 190 33 226 233 78 121] [8866938862123133564 4011500148481212556 17807254775701591042 61075307718906884]} block 15638
classNode (5) 0000000000000000000000000000000000000000000000000000000000000018 len 5 value &{[1 3 19 138 22 84 78 4 56 217 94 58 68 194 59 130 55 139 160 46 139 31 229 162 67 113 221 22 66 168 255 228 77 4 27 176 23 166 111 212 49 111 23 214 129 97 223 154 65 251 222 82 144 196 254 155 49 252 95 141 179 243 12 108 218] [9049097061612994250 12134806045026015357 1141346472281003881 227887738078105070]} block 16129
classNode (5) 0000000000000000000000000000000000000000000000000000000000000018 len 5 value &{[1 3 19 138 22 84 78 4 56 217 94 58 68 194 59 130 55 139 160 46 139 31 229 162 67 113 221 22 66 168 255 228 77 3 234 91 76 90 211 40 76 165 17 221 111 25 255 143 51 192 52 126 40 248 202 182 251 251 156 170 108 115 15 84 167] [7288870534079968407 8835873412040202695 6466747693764903827 353113439659606991]} block 17493
classNode (5) 0000000000000000000000000000000000000000000000000000000000000018 len 5 value &{[1 3 19 138 22 84 78 4 56 217 94 58 68 194 59 130 55 139 160 46 139 31 229 162 67 113 221 22 66 168 255 228 77 1 243 145 46 148 85 100 193 164 69 166 230 36 16 186 215 100 201 51 40 11 134 2 50 114 103 198 177 68 66 123 151] [13017546391930372594 15903108660858620620 9957035248098954471 158140816263193656]} block 18476
classNode (5) 0000000000000000000000000000000000000000000000000000000000000018 len 5 value &{[1 3 19 138 22 84 78 4 56 217 94 58 68 194 59 130 55 139 160 46 139 31 229 162 67 113 221 22 66 168 255 228 77 3 32 29 83 187 176 255 114 32 129 51 253 50 213 125 229 36 40 130 152 58 198 148 3 104 75 111 16 48 58 1 199] [15984037009145297157 16302512328845714952 4383936805619049469 548605525002200144]} block 20718
classNode (5) 0000000000000000000000000000000000000000000000000000000000000018 len 5 value &{[1 3 19 138 22 84 78 4 56 217 94 58 68 194 59 130 55 139 160 46 139 31 229 162 67 113 221 22 66 168 255 228 77 1 238 88 76 201 213 191 165 255 146 192 247 0 179 153 118 238 40 194 1 41 72 166 136 15 10 148 124 18 224 85 152] [1760294201492322705 4490900330970456434 18182217489146387536 238550803116266861]} block 21262
classNode (5) 0000000000000000000000000000000000000000000000000000000000000018 len 5 value &{[1 3 19 138 22 84 78 4 56 217 94 58 68 194 59 130 55 139 160 46 139 31 229 162 67 113 221 22 66 168 255 228 77 6 24 208 140 162 45 223 243 185 11 124 73 124 227 153 229 199 34 84 17 163 210 30 254 51 137 136 0 58 167 8 21] [216695508544249736 12534790302173156536 10842045222335810453 348447274768583742]} block 22464
classNode (5) 0000000000000000000000000000000000000000000000000000000000000018 len 5 value &{[1 2 120 55 58 195 226 206 76 51 178 140 245 253 107 193 70 139 108 223 173 252 28 8 255 26 208 79 87 32 217 228 76 6 24 208 140 162 45 223 243 185 11 124 73 124 227 153 229 199 34 84 17 163 210 30 254 51 137 136 0 58 167 8 21] [7143963839517143016 9589085816134476083 8106139487409503978 60679370908755689]} block 23853
classNode (5) 0000000000000000000000000000000000000000000000000000000000000018 len 5 value &{[1 7 177 199 182 168 125 153 218 60 35 208 54 200 43 209 50 47 250 79 59 32 184 255 128 128 224 147 6 98 202 120 135 6 24 208 140 162 45 223 243 185 11 124 73 124 227 153 229 199 34 84 17 163 210 30 254 51 137 136 0 58 167 8 21] [15811944858046309955 2427345391129072270 11360257334951688976 231113813342205331]} block 25211
classNode (5) 0000000000000000000000000000000000000000000000000000000000000018 len 5 value &{[1 5 96 242 201 127 165 50 87 192 208 197 91 153 187 188 205 137 60 217 237 76 28 137 176 84 130 101 96 161 82 186 50 6 24 208 140 162 45 223 243 185 11 124 73 124 227 153 229 199 34 84 17 163 210 30 254 51 137 136 0 58 167 8 21] [15652830131728599583 7192130638813538481 149494747019736762 27706966057428491]} block 25215
classNode (5) 0000000000000000000000000000000000000000000000000000000000000018 len 5 value &{[1 3 129 156 114 16 95 244 38 132 4 163 168 5 253 0 248 115 114 113 212 43 250 154 68 190 75 62 169 96 179 123 178 6 24 208 140 162 45 223 243 185 11 124 73 124 227 153 229 199 34 84 17 163 210 30 254 51 137 136 0 58 167 8 21] [13652729523841641756 9093673064844270718 2270068791329827562 141556398891412227]} block 25727
classNode (5) 0000000000000000000000000000000000000000000000000000000000000018 len 5 value &{[1 3 129 156 114 16 95 244 38 132 4 163 168 5 253 0 248 115 114 113 212 43 250 154 68 190 75 62 169 96 179 123 178 4 237 157 57 211 255 217 254 95 240 39 64 226 15 75 53 190 211 153 136 200 210 255 6 70 169 42 197 37 4 202 45] [11653443941408919238 12302042370250512135 11917397717955179052 487191109445745107]} block 25914
classNode (5) 0000000000000000000000000000000000000000000000000000000000000018 len 5 value &{[1 3 129 156 114 16 95 244 38 132 4 163 168 5 253 0 248 115 114 113 212 43 250 154 68 190 75 62 169 96 179 123 178 6 5 19 209 245 70 214 113 151 128 59 55 139 56 186 102 147 59 190 129 61 59 220 206 17 41 34 241 200 159 202 106] [17252930537976427778 2408164989058929953 17733053159855608853 391411998600442297]} block 28536
classNode (5) 0000000000000000000000000000000000000000000000000000000000000018 len 5 value &{[1 3 129 156 114 16 95 244 38 132 4 163 168 5 253 0 248 115 114 113 212 43 250 154 68 190 75 62 169 96 179 123 178 5 246 234 80 185 158 38 104 182 64 211 47 55 131 121 168 170 194 230 7 36 22 29 240 9 98 161 64 6 69 162 6] [10886661539325293660 3879397609120611237 139896830845137248 204609420380947485]} block 29118
classNode (5) 0000000000000000000000000000000000000000000000000000000000000018 len 5 value &{[1 3 129 156 114 16 95 244 38 132 4 163 168 5 253 0 248 115 114 113 212 43 250 154 68 190 75 62 169 96 179 123 178 4 125 154 255 175 64 212 166 119 98 200 149 14 238 134 197 248 14 100 14 116 179 143 115 2 1 65 75 132 196 148 230] [5622112902449875912 4434154201780753694 14244425754837847245 55556648365867511]} block 33512
classNode (5) 0000000000000000000000000000000000000000000000000000000000000018 len 5 value &{[1 3 129 156 114 16 95 244 38 132 4 163 168 5 253 0 248 115 114 113 212 43 250 154 68 190 75 62 169 96 179 123 178 5 15 43 5 235 178 4 16 45 201 44 240 2 94 92 106 110 138 96 163 21 122 89 174 150 245 106 79 89 247 246 134] [9480308319260107685 4828268025335720766 15372394282422725 131775890808550027]} block 33580
classNode (5) 0000000000000000000000000000000000000000000000000000000000000018 len 5 value &{[1 3 129 156 114 16 95 244 38 132 4 163 168 5 253 0 248 115 114 113 212 43 250 154 68 190 75 62 169 96 179 123 178 5 120 171 141 56 3 164 192 46 198 10 56 51 231 110 25 137 1 169 88 21 77 19 166 30 104 140 158 183 248 64 139] [701185767412494201 480744209413324476 15479626361089351800 305581606358996336]} block 33773
classNode (5) 0000000000000000000000000000000000000000000000000000000000000018 len 5 value &{[1 3 129 156 114 16 95 244 38 132 4 163 168 5 253 0 248 115 114 113 212 43 250 154 68 190 75 62 169 96 179 123 178 0 225 93 39 29 132 104 55 102 179 182 183 5 37 61 241 246 64 141 209 135 143 62 169 48 233 85 60 177 124 134 13] [711003537440646364 2282029124770278938 17736258837065475627 506228038044767919]} block 33775
classNode (5) 0000000000000000000000000000000000000000000000000000000000000018 len 5 value &{[1 3 129 156 114 16 95 244 38 132 4 163 168 5 253 0 248 115 114 113 212 43 250 154 68 190 75 62 169 96 179 123 178 0 151 104 232 18 17 1 17 235 28 254 108 112 229 233 164 190 70 252 133 193 132 63 246 242 79 16 59 133 215 56 203] [1487751156885829552 16778540327772674390 2905893701170893973 417900016249143393]} block 33776
classNode (5) 0000000000000000000000000000000000000000000000000000000000000018 len 5 value &{[1 1 17 33 124 159 37 43 53 83 61 235 244 59 209 142 119 198 253 212 56 82 206 242 63 143 213 58 28 235 80 86 254 0 151 104 232 18 17 1 17 235 28 254 108 112 229 233 164 190 70 252 133 193 132 63 246 242 79 16 59 133 215 56 203] [5050805305810247435 16286906626926486126 5028595684258739031 76251333900888118]} block 33980
classNode (5) 0000000000000000000000000000000000000000000000000000000000000018 len 5 value &{[1 1 17 33 124 159 37 43 53 83 61 235 244 59 209 142 119 198 253 212 56 82 206 242 63 143 213 58 28 235 80 86 254 4 107 122 170 73 217 171 118 242 198 252 61 238 209 182 97 70 109 69 191 199 242 123 187 126 89 83 74 154 177 190 184] [11984707370767905528 12484120182971170764 12169381838602362099 383490776419978304]} block 34108
classNode (5) 0000000000000000000000000000000000000000000000000000000000000018 len 5 value &{[1 7 105 133 240 70 193 93 96 170 41 80 116 76 35 219 6 122 127 28 239 19 57 182 200 222 14 130 90 20 177 19 125 4 107 122 170 73 217 171 118 242 198 252 61 238 209 182 97 70 109 69 191 199 242 123 187 126 89 83 74 154 177 190 184] [3750281324416133549 3215272251767197535 1343242302653520789 7137498268642369]} block 34111
classNode (5) 0000000000000000000000000000000000000000000000000000000000000018 len 5 value &{[1 7 105 133 240 70 193 93 96 170 41 80 116 76 35 219 6 122 127 28 239 19 57 182 200 222 14 130 90 20 177 19 125 6 40 58 109 152 201 181 160 148 114 0 189 250 2 163 118 1 190 130 200 59 244 125 167 46 248 50 242 160 170 52 44] [276178871924453512 707979369208724229 8329761453865040627 222289004222688508]} block 34667
classNode (5) 0000000000000000000000000000000000000000000000000000000000000018 len 5 value &{[1 7 253 242 12 67 40 88 167 224 23 251 153 213 176 221 102 106 28 53 227 23 158 50 35 147 235 194 76 141 206 144 178 6 40 58 109 152 201 181 160 148 114 0 189 250 2 163 118 1 190 130 200 59 244 125 167 46 248 50 242 160 170 52 44] [6670062516275888833 13431840206335249026 4214106475646410920 330512382426291602]} block 34772
classNode (5) 0000000000000000000000000000000000000000000000000000000000000018 len 5 value &{[1 7 159 112 28 190 103 254 217 120 8 224 26 158 194 60 20 250 87 57 175 88 64 173 195 205 52 134 73 228 179 139 207 6 40 58 109 152 201 181 160 148 114 0 189 250 2 163 118 1 190 130 200 59 244 125 167 46 248 50 242 160 170 52 44] [3406598974848517351 15102880317750604820 16124929279518149433 97703715378932913]} block 35369
classNode (5) 0000000000000000000000000000000000000000000000000000000000000018 len 5 value &{[1 1 173 222 180 202 85 37 94 194 39 227 94 12 96 147 55 176 104 85 208 16 227 20 212 153 62 100 191 130 51 142 146 6 40 58 109 152 201 181 160 148 114 0 189 250 2 163 118 1 190 130 200 59 244 125 167 46 248 50 242 160 170 52 44] [9454463637050004185 2680612177806494245 10749734920215728992 162756674383908773]} block 35472
classNode (5) 0000000000000000000000000000000000000000000000000000000000000018 len 5 value &{[1 1 173 222 180 202 85 37 94 194 39 227 94 12 96 147 55 176 104 85 208 16 227 20 212 153 62 100 191 130 51 142 146 3 37 43 91 181 190 234 213 40 240 180 177 125 203 200 54 87 105 243 237 159 29 104 240 47 100 142 35 85 34 107 208] [10639779710444047068 65417779093646622 17892533937255326827 47592582122486750]} block 36380
classNode (5) 0000000000000000000000000000000000000000000000000000000000000018 len 5 value &{[1 2 208 221 136 186 160 214 89 155 20 183 229 92 153 152 88 181 232 99 18 7 59 40 10 108 92 41 78 199 230 177 14 3 37 43 91 181 190 234 213 40 240 180 177 125 203 200 54 87 105 243 237 159 29 104 240 47 100 142 35 85 34 107 208] [1040175851607770090 679899236346519183 1512647777535937689 302589816459218626]} block 36500
classNode (5) 0000000000000000000000000000000000000000000000000000000000000018 len 5 value &{[1 2 208 221 136 186 160 214 89 155 20 183 229 92 153 152 88 181 232 99 18 7 59 40 10 108 92 41 78 199 230 177 14 3 94 81 206 209 254 189 159 78 149 18 29 134 227 253 70 52 247 179 240 11 123 237 94 155 13 137 231 254 135 92 108] [12251007289313430588 15223750354129897654 846027021550069030 123894635775953138]} block 36951
nodeset: classNode (5) 0000000000000000000000000000000000000000000000000000000000000018 WRITTEN blob_len 65 block 37046
